12222100221212210211
11212220221120020211
11122220011110212221
22222202211112012212
12222120221220210212
22212220212222220020
21112200112222210210
21122222110012212220
02211220212022222012
21222202220010012220
11012022102102222211
21211222202122220221
12021220101222220111
12221010101222000112
21011012122122020121
20012110011201102022
22222122221201200000
12220112212221122200
10222210011121100200
22022210221102102202
01112020002110212012
21212022202212012020
21222210020212212020
01121222202222022020
22111220222220021210
21112221222111212021
01111202220212210022
02211122022221122021
01211221220111210201
22221102202211110221
11202202200020221102
12002102202012212122
12222102222020021120
11020201202012012200
20120102021202200202
12120100011120220221
12120222211122222221
12220202222102122221
12120202211102120121
12212202122202221212
21212201200121112021
12010222222101122022
21212022200122211012
21012021120121212221
01121202122022020020
22122102122221200200
21122201121201220222
22201122101002220220
22120121222021222200
20110102222221200200
02112202222022020020
22122222021222222202
12110222112111222222
22110200222112120222
12120122110211122100
22222220122122102102
22000210210221110200
02220020222122110222
20200212120121212120
02222222220121110202
22020010212122110200
21201220201220122101
11202120022012110202
11222220021210110202
11122202221222110121
12102122202212212122
21112220222122212210
11110100211122210212
22110102221201220220
12120122122121212110
22212120211201122212
11102212212212111102
12201220221212112121
11221010221120222121
12201210221220112122
11101020222222212222
11220201222222212122
11122022211122112121
21112201222121110221
12122022211121120122
12010210011122120000
12210220212112120200
12220212222112212220
11020222022210212200
12002110222022110220
22002222212211212220
11220212212211212022
11202210220011220020
12022210012222110202
22012210011222122022
20221210221021202212
00022112022201101222
20021120221021122211
22221220222001222012
12101020222222102102
22121010022112222220
22101222221221200200
10122220212111100100
11012022101222020222
11222202201012210202
21012021122211010202
22020221202221222200
22202222200202101102
11222020222220122202
21201020102200101101
12201220102000122122
11220221222212011222
21122221121221022022
21112022112212012012
10102212102211022110
10202112102222212110
12100111120211211120
22102121102221022220
00220121002201202200
20022212022102122102
00002221222121221120
22202212022122121102
22020212022122122200
22201222221120201101
10221222011120222101
10101222221212002122
12101202222220201101
12101102021210222101
11122202002210220221
21212021220112020221
12212022022120220221
21122201202222000022
22221012122211020122
22212222110111220102
22221012212111220102
01212022222112210221
22011012212122210101
11202202200022012220
12201220102002210210
21101202102001020020
21121202200221210022
12221020222202210222
12222010221212220220
12222022102221222212
22122020201212220212
12202112122022112120
12102212212211122100
11222212122222222122
22200111220221121100
11120221220212222222
22222202111121212110
22222001222112022212
00222201221221022220
12102220222222200222
12102212100211022210
22221210222021202012
12101010222211200220
11122220122221220210
01222020201120122221
22222200201212110211
21122020021110112221
12121100221020222122
10221120121000222110
20222122222202201120
22221220121200201122
10212120211202202220
12022222022220212102
22211010022120212222
12221010011120112101
22212020021120110221
12212220011120210221
10201220101011220112
10202122102211212112
22221220202212212212
12022202101011210222
21022022102102121221
01221020122220222222
21021010101100202121
22001210101200122122
21222012121122221221
20002112202202122120
20021110221002122212
22222220201220110212
10021210221200110122
20222122201002220220
