22000112222022020222
12200210102202022220
10002112221000020220
12022120101200020002
20222112201002210020
12020120202002022022
12000120101200012000
12220212221202222022
12002212101002222002
10202212122002222202
10202112122002220022
20222222201202022000
22222212122202222002
22020220222002212020
20220110102000010222
12222112101200010220
12200122102022012200
10200220221200022002
20002220102020210220
20020222201000210002
21200212220221002112
22002111012022000112
21022122222222000221
02222111022021220212
21020122020021002211
21000122222222022222
21220211012221202211
21002211222021202221
22202211210021202121
22202111210021200211
02222221022221002222
01222211210221202221
01020222010021222212
02220112220022020111
21222111222222020112
21200121220011022122
22200222012222002221
02002222220012220112
02020221022022220221
12202212222202002110
11222220102102002222
22122212202201222210
11220220200201001212
11200220102102021220
11120012222101201212
11202012102201201222
12102012120201201122
12102212120201202212
22122022202101001220
21122012120101201222
21220020220201221210
22120210100202022112
11122212102102022110
11100222100221021120
12100020222102001222
22202020100222222110
22220022202202222222
12021122221200000222
20221111021002220210
12022122022002002212
12002122221200022220
12222211011202202212
12001211221002202222
10201211212002202122
10201111212002200212
20221221021202002220
22221211212202202222
22022222012002222210
20222112222000020112
12221111221200020110
12202121222022022120
10202222011200002222
20001222222020220110
20022221021000220222
22211122201202220022
11012100202202002021
11022100101100022002
11212222221102202021
11021222101202202001
12221222122202202201
12221122122202200021
22211202201102002002
21211222122102202001
21012200222202222022
22212120102200020221
11211122101100020222
11222102102222022202
12222200221100002001
22021200102220220222
22012202201200220001
22212122002001222012
22222122201202212020
22112211021201122012
22221211201001122022
20121211222001122222
20121111222001120012
00111221001201222020
02111211222201122022
02212222022001112010
00112112202002210212
22111111201202210210
22122121202021212220
20122222021202222022
00221222202022110210
00212221001002110022
11020100202202021022
11210222022201201011
11022222202001201021
12222222220001201221
12222122220001202011
22212202002201001022
21212222220201201021
21010200020001221012
22210120200002022211
11212122202202022212
11220102200021021222
12220200022202001021
22022200200022222212
22010202002002222021
11220222221102221022
11002222101202221002
12202222122202221202
12202122122202222022
22222202201102021000
21222222122102221002
21020200222202211020
22220120102200012222
11222122101100012220
11200102102222011200
12200200221100021002
22002200102220212220
22020202201200212002
11222011221201101021
12122011212201101221
12122211212201102011
22112021021101201022
21112011212101101021
21210022012201121012
22110212222202222211
11112211221102222212
11120221222221221222
12120022011102201021
22222022222222122212
22210021021202122021
12201011122001101201
12201211122001102021
22221021201201201002
21221011122201101001
21022022222001121022
22222212102002222221
11221211101202222222
11202221102021221202
12202022221202201001
22001022102022122222
22022021201002122001
10101211110001102221
20121021222201201202
22121011110201101201
22222022210001121222
20122212120002222121
12121211122202222122
12102221120021221102
10102022212202201201
20201022120022122122
20222021222002122201
20121221222201202022
22121211110201102021
22222222210001122012
20122112120002220211
12121111122202220212
12102121120021222222
10102222212202202021
20201222120022120212
20222221222002120021
02111021222101201002
02212002022201221020
00112222202202022222
22111221201102022220
22122201202221021200
20122002021102001002
00221002202222222220
00212001001202222002
01212022210201121022
02112212120202222221
21111211122102222222
21122221120221221202
22122022212102201001
02221022120222122222
02212021222202122001
02210220220002212212
21212222222202212210
21220202220021211220
22220000012202221022
02022000220022112210
02010002022002112022
22112112102200010112
22120122100022012122
20120220222200022221
00222220100020210112
00210222202000210221
11122121102222012120
12122222221100022222
22221222102220210110
22212221201200210222
12100202222222021202
22202202100012212120
22220201202022212202
20202000222220222222
20220002021200222001
00022002202020110222
